Len: 1200
0.000735:
[      -0.0000000001547268000542000073933068522461452797001069114912752411328256130218505859375        -0.0000000000033953218097479999421548104706999705935770161868703098662081174552440643310546875            -0.000000000002090190093396000076022440826848099800112923407624521132674999535083770751953125]
[-0.0000000000033953218097479999421548104706999705935770161868703098662081174552440643310546875    0.000000000000021660469864139998771562094388435629451817622526110795888598659075796604156494140625     0.00000000000000858512596873100035481600329906689672888084156887611442243724013678729534149169921875]
[ -0.000000000002090190093396000076022440826848099800112923407624521132674999535083770751953125  0.00000000000000858512596873100035481600329906689672888084156887611442243724013678729534149169921875  0.00000000000000051093559771860004194320075006567054289347983193902980048051176709122955799102783203125]
0.221235:
[  -0.09503865738533000262489025544709875248372554779052734375  -0.018161181188480000903151534430435276590287685394287109375  -0.0165301532697799992421838766176733770407736301422119140625]
[ -0.018161181188480000903151534430435276590287685394287109375   0.017218339255399998932727356759642134420573711395263671875   0.0105485744017700007468807399391153012402355670928955078125]
[-0.0165301532697799992421838766176733770407736301422119140625  0.0105485744017700007468807399391153012402355670928955078125  -0.0105379385107300001245267395688642864115536212921142578125]
0.4413675:
[     -0.18861941068109999708468649259884841740131378173828125  -0.0258784135244700015665575421053290483541786670684814453125   -0.02118999410525999882448644484611577354371547698974609375]
[-0.0258784135244700015665575421053290483541786670684814453125     0.02715306124900999928950540152072790078818798065185546875  0.0153962609455999994978459000094517250545322895050048828125]
[  -0.02118999410525999882448644484611577354371547698974609375   0.0153962609455999994978459000094517250545322895050048828125  -0.023946446997380001209254629657152690924704074859619140625]
angmoms:[3, 5, 5], tot_spin:0.5, targ_spins:0.0, thres:[0.0, 0.0, 0.0], signs:SignsPositive, rydbergs