Len: 624
0.0003675:
[     0.0808491414728000068468105610008933581411838531494140625   -0.00836575745630599963698070808959528221748769283294677734375  -0.00310167409982400020529436091010211384855210781097412109375]
[-0.00836575745630599963698070808959528221748769283294677734375  -0.004653068378464000377781051298597958520986139774322509765625       0.0018763948833249999292860366040258668363094329833984375]
[-0.00310167409982400020529436091010211384855210781097412109375        0.0018763948833249999292860366040258668363094329833984375       0.0125047784834800002062848989226040430366992950439453125]
0.2296875:
[     -1.31534856504099995078149731853045523166656494140625  0.02993278258326000085265405914469738490879535675048828125   0.0736143368068599979192612181577715091407299041748046875]
[0.02993278258326000085265405914469738490879535675048828125     0.34513137795740000957067650233511812984943389892578125  -0.2137377336691000107027349486088496632874011993408203125]
[ 0.0736143368068599979192612181577715091407299041748046875  -0.2137377336691000107027349486088496632874011993408203125       0.850449984567700045801075248164124786853790283203125]
0.4582725:
[0.348915438764899998869140063106897287070751190185546875       -1.845878956418999905508826486766338348388671875  5.79619148529600014541074415319599211215972900390625]
[        -1.845878956418999905508826486766338348388671875  -7.87752818198199999955022576614283025264739990234375    15.83898677156999923454350209794938564300537109375]
[    5.79619148529600014541074415319599211215972900390625     15.83898677156999923454350209794938564300537109375   -32.53547696028000046908346121199429035186767578125]
angmoms:[1, 3, 3], tot_spin:0.5, targ_spins:0.0, thres:[0.0, 0.0, 0.0], Ha